Tokyo
3 34 0 30 102 35 Moscow
21 46 1 49 143 22 London
3 4 2 57 120 5 Mykolaiv
22 39 3 46 65 16 Paris
13 15 4 13 72 37 New York
0 36 5 56 70 17 London
18 40 6 18 66 37 Paris
11 9 7 13 95 21 Moscow
22 52 8 37 81 18 Tokyo
9 50 9 13 95 15 Tokyo
20 2 10 45 72 3 Moscow
20 18 11 41 121 37 Mykolaiv
12 42 12 51 137 14 Moscow
13 32 13 52 158 16 New York
19 49 14 54 102 25 Tokyo
7 12 15 25 117 12 Mykolaiv
7 1 16 48 157 11 Tokyo
8 58 17 41 101 2 Moscow
22 45 18 43 63 29 Oslo
8 55 19 12 126 22 London
18 2 20 21 134 16 Tokyo
17 12 21 40 105 33 Tokyo
19 39 22 40 89 3 London
18 5 23 57 65 35 Moscow
9 31 24 36 61 33 Oslo
0 28 25 33 83 21 New York
5 39 26 16 126 6 Paris
11 41 27 24 99 27 Mykolaiv
11 39 28 30 74 5 London
10 51 29 53 89 10 Tokyo
22 24 30 18 74 31 Tokyo
11 15 31 46 140 10 Paris
16 39 32 29 76 1 Paris
2 58 33 43 68 26 Tokyo
20 9 34 40 102 26 Moscow
4 13 35 51 87 3 Paris
2 58 36 50 86 32 London
15 25 37 51 86 28 Tokyo
22 36 38 24 114 39 Oslo
2 6 39 28 107 1 New York
22 11 40 39 102 5 Paris
4 11 41 51 109 31 Oslo
7 20 42 27 117 13 Paris
2 15 43 56 79 31 New York
11 32 44 58 85 30 Mykolaiv
18 26 45 32 129 6 New York
9 16 46 13 159 23 Tokyo
5 38 47 29 63 14 Mykolaiv
16 28 48 44 155 26 Oslo
14 7 49 32 120 36 Tokyo
1 9 50 47 64 34 New York
5 2 51 54 141 14 New York
9 28 52 17 78 26 Oslo
15 26 53 10 144 31 New York
8 2 54 21 141 35 Moscow
6 48 55 36 140 2 Moscow
9 37 56 55 138 2 Paris
8 7 57 27 94 7 Moscow
22 8 58 52 69 4 Moscow
5 42 59 37 145 6 New York
7 26 60 40 96 31 Oslo
1 13 61 41 87 7 Oslo
23 35 62 18 136 30 New York
11 27 63 36 76 11 Moscow
12 26 64 43 66 1 Mykolaiv
16 35 65 13 77 34 Moscow
1 15 66 13 110 23 Oslo
17 1 67 39 94 8 New York
18 6 68 11 132 16 Mykolaiv
13 0 69 37 113 38 London
3 26 70 15 75 20 Mykolaiv
19 4 71 13 120 34 Paris
13 52 72 58 87 34 New York
0 53 73 48 73 19 Moscow
22 33 74 32 103 38 London
8 30 75 12 145 4 Moscow
20 51 76 23 76 34 Oslo
11 43 77 30 114 2 Oslo
23 6 78 44 62 8 Mykolaiv
7 24 79 51 142 21 Oslo
8 44 80 46 85 33 Paris
21 39 81 39 138 9 Mykolaiv
9 17 82 45 91 29 Tokyo
2 48 83 35 156 8 Paris
18 11 84 40 89 8 Moscow
12 58 85 37 134 21 Tokyo
5 41 86 50 88 21 Mykolaiv
6 36 87 43 159 5 Tokyo
15 23 88 42 107 10 New York
0 34 89 14 159 5 Mykolaiv
20 19 90 40 70 32 Paris
15 44 91 55 143 28 New York
14 55 92 15 122 13 New York
5 1 93 24 103 36 Paris
18 3 94 51 120 32 Mykolaiv
22 0 95 38 70 17 London
15 47 96 33 92 16 Moscow
8 42 97 59 84 37 Paris
19 13 98 13 88 10 Mykolaiv
6 29 99 53 98 23 